   0.0000000e+00   3.1000000e+02   2.8000000e+02   1.0000000e+02   1.0000000e+00   3.5000000e+02   2.9660000e+02   9.8900000e-01
   5.0000000e-02   3.1000000e+02   2.8000000e+02   1.0000000e+02   1.0000000e+00   3.5000000e+02   2.9757697e+02   9.8897355e-01
   1.0000000e-01   3.1000000e+02   2.8000000e+02   1.0000000e+02   1.0000000e+00   3.5000000e+02   2.9842450e+02   9.8889549e-01
   1.5000000e-01   3.1000000e+02   2.8000000e+02   1.0000000e+02   1.0000000e+00   3.5000000e+02   2.9916047e+02   9.8877166e-01
   2.0000000e-01   3.1000000e+02   2.8000000e+02   1.0000000e+02   1.0000000e+00   3.5000000e+02   2.9980017e+02   9.8860783e-01
   2.5000000e-01   3.1000000e+02   2.8000000e+02   1.0000000e+02   1.0000000e+00   3.5000000e+02   3.0035664e+02   9.8840959e-01
   3.0000000e-01   3.1000000e+02   2.8000000e+02   1.0000000e+02   1.0000000e+00   3.5000000e+02   3.0084110e+02   9.8818228e-01
   3.5000000e-01   3.1000000e+02   2.8000000e+02   1.0000000e+02   1.0000000e+00   3.5000000e+02   3.0126316e+02   9.8793084e-01
   4.0000000e-01   3.1000000e+02   2.8000000e+02   1.0000000e+02   1.0000000e+00   3.5000000e+02   3.0163107e+02   9.8765984e-01
   4.5000000e-01   3.1000000e+02   2.8000000e+02   1.0000000e+02   1.0000000e+00   3.5000000e+02   3.0195197e+02   9.8737344e-01
   5.0000000e-01   3.1000000e+02   2.8000000e+02   1.0000000e+02   1.0000000e+00   3.5000000e+02   3.0223199e+02   9.8707535e-01
   5.5000000e-01   3.1000000e+02   2.8000000e+02   1.0000000e+02   1.0000000e+00   3.5000000e+02   3.0247645e+02   9.8676890e-01
   6.0000000e-01   3.1000000e+02   2.8000000e+02   1.0000000e+02   1.0000000e+00   3.5000000e+02   3.0268994e+02   9.8645700e-01
   6.5000000e-01   3.1000000e+02   2.8000000e+02   1.0000000e+02   1.0000000e+00   3.5000000e+02   3.0287644e+02   9.8614221e-01
   7.0000000e-01   3.1000000e+02   2.8000000e+02   1.0000000e+02   1.0000000e+00   3.5000000e+02   3.0303941e+02   9.8582673e-01
   7.5000000e-01   3.1000000e+02   2.8000000e+02   1.0000000e+02   1.0000000e+00   3.5000000e+02   3.0318185e+02   9.8551246e-01
   8.0000000e-01   3.1000000e+02   2.8000000e+02   1.0000000e+02   1.0000000e+00   3.5000000e+02   3.0330637e+02   9.8520101e-01
   8.5000000e-01   3.1000000e+02   2.8000000e+02   1.0000000e+02   1.0000000e+00   3.5000000e+02   3.0341524e+02   9.8489374e-01
   9.0000000e-01   3.1000000e+02   2.8000000e+02   1.0000000e+02   1.0000000e+00   3.5000000e+02   3.0351043e+02   9.8459177e-01
   9.5000000e-01   3.1000000e+02   2.8000000e+02   1.0000000e+02   1.0000000e+00   3.5000000e+02   3.0359368e+02   9.8429603e-01
   1.0000000e+00   3.1000000e+02   3.0000000e+02   1.0000000e+02   1.0000000e+00   3.5000000e+02   3.0366648e+02   9.8400725e-01
   1.0500000e+00   3.1000000e+02   3.0000000e+02   1.0000000e+02   1.0000000e+00   3.5000000e+02   3.0569032e+02   9.8361813e-01
   1.1000000e+00   3.1000000e+02   3.0000000e+02   1.0000000e+02   1.0000000e+00   3.5000000e+02   3.0746920e+02   9.8302187e-01
   1.1500000e+00   3.1000000e+02   3.0000000e+02   1.0000000e+02   1.0000000e+00   3.5000000e+02   3.0903935e+02   9.8222286e-01
   1.2000000e+00   3.1000000e+02   3.0000000e+02   1.0000000e+02   1.0000000e+00   3.5000000e+02   3.1043106e+02   9.8122892e-01
   1.2500000e+00   3.1000000e+02   3.0000000e+02   1.0000000e+02   1.0000000e+00   3.5000000e+02   3.1166971e+02   9.8005048e-01
   1.3000000e+00   3.1000000e+02   3.0000000e+02   1.0000000e+02   1.0000000e+00   3.5000000e+02   3.1277656e+02   9.7869988e-01
   1.3500000e+00   3.1000000e+02   3.0000000e+02   1.0000000e+02   1.0000000e+00   3.5000000e+02   3.1376944e+02   9.7719071e-01
   1.4000000e+00   3.1000000e+02   3.0000000e+02   1.0000000e+02   1.0000000e+00   3.5000000e+02   3.1466338e+02   9.7553732e-01
   1.4500000e+00   3.1000000e+02   3.0000000e+02   1.0000000e+02   1.0000000e+00   3.5000000e+02   3.1547103e+02   9.7375431e-01
   1.5000000e+00   3.1000000e+02   3.0000000e+02   1.0000000e+02   1.0000000e+00   3.5000000e+02   3.1620311e+02   9.7185629e-01
   1.5500000e+00   3.1000000e+02   3.0000000e+02   1.0000000e+02   1.0000000e+00   3.5000000e+02   3.1686872e+02   9.6985755e-01
   1.6000000e+00   3.1000000e+02   3.0000000e+02   1.0000000e+02   1.0000000e+00   3.5000000e+02   3.1747561e+02   9.6777191e-01
   1.6500000e+00   3.1000000e+02   3.0000000e+02   1.0000000e+02   1.0000000e+00   3.5000000e+02   3.1803041e+02   9.6561259e-01
   1.7000000e+00   3.1000000e+02   3.0000000e+02   1.0000000e+02   1.0000000e+00   3.5000000e+02   3.1853880e+02   9.6339210e-01
   1.7500000e+00   3.1000000e+02   3.0000000e+02   1.0000000e+02   1.0000000e+00   3.5000000e+02   3.1900570e+02   9.6112221e-01
   1.8000000e+00   3.1000000e+02   3.0000000e+02   1.0000000e+02   1.0000000e+00   3.5000000e+02   3.1943532e+02   9.5881391e-01
   1.8500000e+00   3.1000000e+02   3.0000000e+02   1.0000000e+02   1.0000000e+00   3.5000000e+02   3.1983137e+02   9.5647742e-01
   1.9000000e+00   3.1000000e+02   3.0000000e+02   1.0000000e+02   1.0000000e+00   3.5000000e+02   3.2019705e+02   9.5412215e-01
   1.9500000e+00   3.1000000e+02   3.0000000e+02   1.0000000e+02   1.0000000e+00   3.5000000e+02   3.2053516e+02   9.5175679e-01
   2.0000000e+00   3.1000000e+02   3.0000000e+02   1.0000000e+02   1.0000000e+00   3.5000000e+02   3.2084819e+02   9.4938927e-01
   2.0500000e+00   3.1000000e+02   3.0000000e+02   1.0000000e+02   1.0000000e+00   3.5000000e+02   3.2113829e+02   9.4702683e-01
   2.1000000e+00   3.1000000e+02   3.0000000e+02   1.0000000e+02   1.0000000e+00   3.5000000e+02   3.2140741e+02   9.4467605e-01
   2.1500000e+00   3.1000000e+02   3.0000000e+02   1.0000000e+02   1.0000000e+00   3.5000000e+02   3.2165726e+02   9.4234286e-01
   2.2000000e+00   3.1000000e+02   3.0000000e+02   1.0000000e+02   1.0000000e+00   3.5000000e+02   3.2188936e+02   9.4003261e-01
   2.2500000e+00   3.1000000e+02   3.0000000e+02   1.0000000e+02   1.0000000e+00   3.5000000e+02   3.2210509e+02   9.3775006e-01
   2.3000000e+00   3.1000000e+02   3.0000000e+02   1.0000000e+02   1.0000000e+00   3.5000000e+02   3.2230568e+02   9.3549950e-01
   2.3500000e+00   3.1000000e+02   3.0000000e+02   1.0000000e+02   1.0000000e+00   3.5000000e+02   3.2249223e+02   9.3328467e-01
   2.4000000e+00   3.1000000e+02   3.0000000e+02   1.0000000e+02   1.0000000e+00   3.5000000e+02   3.2266575e+02   9.3110891e-01
   2.4500000e+00   3.1000000e+02   3.0000000e+02   1.0000000e+02   1.0000000e+00   3.5000000e+02   3.2282717e+02   9.2897508e-01
   2.5000000e+00   3.1000000e+02   3.0000000e+02   1.0000000e+02   1.0000000e+00   3.5000000e+02   3.2297730e+02   9.2688570e-01
   2.5500000e+00   3.1000000e+02   3.0000000e+02   1.0000000e+02   1.0000000e+00   3.5000000e+02   3.2311691e+02   9.2484289e-01
   2.6000000e+00   3.1000000e+02   3.0000000e+02   1.0000000e+02   1.0000000e+00   3.5000000e+02   3.2324671e+02   9.2284845e-01
   2.6500000e+00   3.1000000e+02   3.0000000e+02   1.0000000e+02   1.0000000e+00   3.5000000e+02   3.2336733e+02   9.2090385e-01
   2.7000000e+00   3.1000000e+02   3.0000000e+02   1.0000000e+02   1.0000000e+00   3.5000000e+02   3.2347936e+02   9.1901031e-01
   2.7500000e+00   3.1000000e+02   3.0000000e+02   1.0000000e+02   1.0000000e+00   3.5000000e+02   3.2358337e+02   9.1716876e-01
   2.8000000e+00   3.1000000e+02   3.0000000e+02   1.0000000e+02   1.0000000e+00   3.5000000e+02   3.2367985e+02   9.1537988e-01
   2.8500000e+00   3.1000000e+02   3.0000000e+02   1.0000000e+02   1.0000000e+00   3.5000000e+02   3.2376928e+02   9.1364414e-01
   2.9000000e+00   3.1000000e+02   3.0000000e+02   1.0000000e+02   1.0000000e+00   3.5000000e+02   3.2385210e+02   9.1196183e-01
   2.9500000e+00   3.1000000e+02   3.0000000e+02   1.0000000e+02   1.0000000e+00   3.5000000e+02   3.2392873e+02   9.1033303e-01
   3.0000000e+00   3.1000000e+02   3.0000000e+02   1.0000000e+02   1.0000000e+00   3.5000000e+02   3.2399954e+02   9.0875764e-01
   3.0500000e+00   3.1000000e+02   3.0000000e+02   1.0000000e+02   1.0000000e+00   3.5000000e+02   3.2406491e+02   9.0723544e-01
   3.1000000e+00   3.1000000e+02   3.0000000e+02   1.0000000e+02   1.0000000e+00   3.5000000e+02   3.2412517e+02   9.0576606e-01
   3.1500000e+00   3.1000000e+02   3.0000000e+02   1.0000000e+02   1.0000000e+00   3.5000000e+02   3.2418063e+02   9.0434900e-01
   3.2000000e+00   3.1000000e+02   3.0000000e+02   1.0000000e+02   1.0000000e+00   3.5000000e+02   3.2423161e+02   9.0298364e-01
   3.2500000e+00   3.1000000e+02   3.0000000e+02   1.0000000e+02   1.0000000e+00   3.5000000e+02   3.2427837e+02   9.0166930e-01
   3.3000000e+00   3.1000000e+02   3.0000000e+02   1.0000000e+02   1.0000000e+00   3.5000000e+02   3.2432120e+02   9.0040517e-01
   3.3500000e+00   3.1000000e+02   3.0000000e+02   1.0000000e+02   1.0000000e+00   3.5000000e+02   3.2436033e+02   8.9919037e-01
   3.4000000e+00   3.1000000e+02   3.0000000e+02   1.0000000e+02   1.0000000e+00   3.5000000e+02   3.2439601e+02   8.9802398e-01
   3.4500000e+00   3.1000000e+02   3.0000000e+02   1.0000000e+02   1.0000000e+00   3.5000000e+02   3.2442847e+02   8.9690499e-01
   3.5000000e+00   3.1000000e+02   3.0000000e+02   1.0000000e+02   1.0000000e+00   3.5000000e+02   3.2445790e+02   8.9583235e-01
   3.5500000e+00   3.1000000e+02   3.0000000e+02   1.0000000e+02   1.0000000e+00   3.5000000e+02   3.2448452e+02   8.9480497e-01
   3.6000000e+00   3.1000000e+02   3.0000000e+02   1.0000000e+02   1.0000000e+00   3.5000000e+02   3.2450851e+02   8.9382172e-01
